dx:      1
dy:      1
Cx:      1575.32793209689
Cy:      842.072341749118
Sx:      1
 f:      2206.32618257767
 k:      1.12389837463752E-07
Tx:      1.63940344506626
Ty:      -0.877602059150544
Tz:      10.9067027260669
r1:      -0.659568275621872
r2:      -0.746012067485436
r3:      0.0918459849927876
r4:      -0.259788333917909
r5:      0.111593155860249
r6:      -0.959196011837678
r7:      0.705322416596373
r8:      -0.656515774929479
r9:      -0.267408537476643
