dx:      1
dy:      1
Cx:      960.000000
Cy:      720.000000
Sx:      1.000000
f:      1000.000000
k:      0.000000
Tx:      3.074547
Ty:      0.584708
Tz:      7.655501
r1:      0.614473
r2:      -0.787518
r3:      0.047301
r4:      -0.091378
r5:      -0.130595
r6:      -0.987216
r7:      0.783628
r8:      0.602295
r9:      -0.152209
